GLOBAL_V       1  2 0 0 4 0   0  0 T F F F F F T F F F F F F F T
 Contents of T/H Invariant Variables(TIV) block and Cross Sections(XS) block 
       TIV:inV/
        XS:tr,ab,nf,kf/sct/ADF/
 2  Group value of each variable are put together in a line.
 Some variables(separated by ",") share a line,"/" means change line
 Generated by GenPMAXS-V6.2pre
STA_VAR    4 CR DC PC TF
BRANCHES   1   0   3   8   0
    RE   1     0.00000     0.70045   600.00000   800.00000
    DC   1     0.00000     0.60811   600.00000   800.00000
    DC   2     0.00000     0.66113   600.00000   800.00000
    DC   3     0.00000     0.76971   600.00000   800.00000
    PC   1     0.00000     0.60811     0.00000   800.00000
    PC   2     0.00000     0.60811  1800.00000   800.00000
    PC   3     0.00000     0.66113     0.00000   800.00000
    PC   4     0.00000     0.66113  1800.00000   800.00000
    PC   5     0.00000     0.70045     0.00000   800.00000
    PC   6     0.00000     0.70045  1800.00000   800.00000
    PC   7     0.00000     0.76971     0.00000   800.00000
    PC   8     0.00000     0.76971  1800.00000   800.00000
BURNUPS    1
   1   1 0.00000
XS_SET  00000001  1 1 0  0  0 0 0.00000 0.00000 0.00000 0.00000 1.00000 0.00000 0.00000 0.00000
HISTORYC   1     0.00000     0.70045   600.00000   800.00000
 8.19415E-08 2.82738E-06
REFE   1   1
 2.06279E-01 9.16341E-01 1.12231E-03 2.40309E-02 0.00000E+00 0.00000E+00 0.00000E+00 0.00000E+00
 5.40790E-01 5.42366E-04 2.88806E-02 1.35353E+00
 9.28759E-01 9.57196E-01 9.28759E-01 9.57196E-01 9.28759E-01 9.57196E-01 9.28759E-01 9.57196E-01
BRDC   1   1
-9.60539E-03 1.35082E-01-7.38772E-05 5.35181E-03 0.00000E+00 0.00000E+00 0.00000E+00 0.00000E+00
-2.82751E-02-7.90648E-04-3.09350E-03 1.42931E-01
-8.85423E-02-3.73219E-01-8.85423E-02-3.73219E-01-8.85423E-02-3.73219E-01-8.85423E-02-3.73219E-01
BRDC   2   1
-2.56230E-02 1.70786E-01-2.71672E-04 6.19860E-03 0.00000E+00 0.00000E+00 0.00000E+00 0.00000E+00
-6.41144E-02-8.60100E-04-1.06745E-02 1.89792E-01
-2.95626E-01-1.47492E+00-2.95626E-01-1.47492E+00-2.95626E-01-1.47492E+00-2.95626E-01-1.47492E+00
BRDC   3   1
-1.26120E-03 2.01528E-01 6.04314E-05 9.20070E-03 0.00000E+00 0.00000E+00 0.00000E+00 0.00000E+00
-2.06027E-03-9.58419E-04 2.03035E-03 2.02570E-01
 6.15796E-02 3.84334E-01 6.15796E-02 3.84334E-01 6.15796E-02 3.84334E-01 6.15796E-02 3.84334E-01
BRPC   1   1
 4.50438E-07-1.96738E-05-2.42397E-09-8.38665E-07 0.00000E+00 0.00000E+00 0.00000E+00 0.00000E+00
 1.83255E-06 1.18981E-07-5.41718E-08-2.01386E-05
-9.80000E-07-1.84850E-05-9.80000E-07-1.84850E-05-9.80000E-07-1.84850E-05-9.80000E-07-1.84850E-05
BRPC   2   1
 4.63922E-07-4.55926E-07 6.02721E-09 6.31433E-09 0.00000E+00 0.00000E+00 0.00000E+00 0.00000E+00
 1.11630E-06 1.17759E-09 2.31460E-07-7.69192E-07
 6.50833E-06 3.69092E-05 6.50833E-06 3.69092E-05 6.50833E-06 3.69092E-05 6.50833E-06 3.69092E-05
BRPC   3   1
 9.84122E-07-1.02659E-06 1.30560E-08 1.39573E-08 0.00000E+00 0.00000E+00 0.00000E+00 0.00000E+00
 2.39730E-06 2.59432E-09 5.01760E-07-1.71980E-06
 1.39533E-05 7.49433E-05 1.39533E-05 7.49433E-05 1.39533E-05 7.49433E-05 1.39533E-05 7.49433E-05
BRPC   4   1
 8.67583E-07-9.25163E-07 1.16224E-08 1.21336E-08 0.00000E+00 0.00000E+00 0.00000E+00 0.00000E+00
 2.11085E-06 2.47717E-09 4.43639E-07-1.53820E-06
 1.25242E-05 7.81500E-05 1.25242E-05 7.81500E-05 1.25242E-05 7.81500E-05 1.25242E-05 7.81500E-05
BRPC   5   1
-4.06273E-06 2.33594E-05-4.50696E-08 7.88746E-07 0.00000E+00 0.00000E+00 0.00000E+00 0.00000E+00
-1.05608E-05-1.28523E-07-1.76500E-06 2.63157E-05
-5.02733E-05-2.85907E-04-5.02733E-05-2.85907E-04-5.02733E-05-2.85907E-04-5.02733E-05-2.85907E-04
BRPC   6   1
 1.41189E-06-1.56234E-06 1.90896E-08 2.00808E-08 0.00000E+00 0.00000E+00 0.00000E+00 0.00000E+00
 3.45901E-06 4.06319E-09 7.30638E-07-2.57969E-06
 2.03042E-05 1.16312E-04 2.03042E-05 1.16312E-04 2.03042E-05 1.16312E-04 2.03042E-05 1.16312E-04
BRPC   7   1
 1.09799E-06-1.30425E-06 1.50686E-08 1.60622E-08 0.00000E+00 0.00000E+00 0.00000E+00 0.00000E+00
 2.72780E-06 3.03291E-09 5.79490E-07-2.12173E-06
 1.56900E-05 7.66733E-05 1.56900E-05 7.66733E-05 1.56900E-05 7.66733E-05 1.56900E-05 7.66733E-05
BRPC   8   1
 9.48546E-07-1.15534E-06 1.32033E-08 1.40164E-08 0.00000E+00 0.00000E+00 0.00000E+00 0.00000E+00
 2.35488E-06 2.75412E-09 5.03755E-07-1.87238E-06
 1.39033E-05 8.00875E-05 1.39033E-05 8.00875E-05 1.39033E-05 8.00875E-05 1.39033E-05 8.00875E-05
 
