GLOBAL_V       1  2 0 0 4 0   0  0 T F F F F F T F F F F F F F T
 Contents of T/H Invariant Variables(TIV) block and Cross Sections(XS) block 
       TIV:inV/
        XS:tr,ab,nf,kf/sct/ADF/
 2  Group value of each variable are put together in a line.
 Some variables(separated by ",") share a line,"/" means change line
 Generated by GenPMAXS-V6.2pre
STA_VAR    4 CR DC PC TF
BRANCHES   1   0   3   8   0
    RE   1     0.00000     0.70045   600.00000   800.00000
    DC   1     0.00000     0.60811   600.00000   800.00000
    DC   2     0.00000     0.66113   600.00000   800.00000
    DC   3     0.00000     0.76971   600.00000   800.00000
    PC   1     0.00000     0.60811     0.00000   800.00000
    PC   2     0.00000     0.60811  1800.00000   800.00000
    PC   3     0.00000     0.66113     0.00000   800.00000
    PC   4     0.00000     0.66113  1800.00000   800.00000
    PC   5     0.00000     0.70045     0.00000   800.00000
    PC   6     0.00000     0.70045  1800.00000   800.00000
    PC   7     0.00000     0.76971     0.00000   800.00000
    PC   8     0.00000     0.76971  1800.00000   800.00000
BURNUPS    1
   1   1 0.00000
XS_SET  00000001  1 1 0  0  0 0 0.00000 0.00000 0.00000 0.00000 1.00000 0.00000 0.00000 0.00000
HISTORYC   1     0.00000     0.70045   600.00000   800.00000
 8.35685E-08 2.78137E-06
REFE   1   1
 3.07429E-01 1.36216E+00 2.05793E-03 4.45614E-02 0.00000E+00 0.00000E+00 0.00000E+00 0.00000E+00
 7.82563E-01 1.04099E-03 4.01016E-02 1.98288E+00
 7.78241E-01 9.41078E-01 7.78241E-01 9.41078E-01 7.78241E-01 9.41078E-01 7.78241E-01 9.41078E-01
BRDC   1   1
-1.87544E-02 1.66247E-01-1.72984E-04 5.68992E-03 0.00000E+00 0.00000E+00 0.00000E+00 0.00000E+00
-4.26321E-02-1.45000E-03-4.73048E-03 1.80265E-01
-7.60126E-02-4.11653E-01-7.60126E-02-4.11653E-01-7.60126E-02-4.11653E-01-7.60126E-02-4.11653E-01
BRDC   2   1
-4.18097E-02 2.01207E-01-5.74574E-04 4.28759E-03 0.00000E+00 0.00000E+00 0.00000E+00 0.00000E+00
-9.60632E-02-1.69667E-03-1.49615E-02 2.28053E-01
-2.33545E-01-1.44743E+00-2.33545E-01-1.44743E+00-2.33545E-01-1.44743E+00-2.33545E-01-1.44743E+00
BRDC   3   1
-7.20748E-04 2.63663E-01 1.05301E-04 1.33536E-02 0.00000E+00 0.00000E+00 0.00000E+00 0.00000E+00
-4.27707E-04-1.70737E-03 2.35523E-03 2.75273E-01
 4.16979E-02 3.51083E-01 4.16979E-02 3.51083E-01 4.16979E-02 3.51083E-01 4.16979E-02 3.51083E-01
BRPC   1   1
 1.23620E-06-2.49962E-05-1.66125E-09-1.08990E-06 0.00000E+00 0.00000E+00 0.00000E+00 0.00000E+00
 2.71549E-06 2.11152E-07 7.27050E-09-2.63971E-05
 4.80000E-07-8.96667E-06 4.80000E-07-8.96667E-06 4.80000E-07-8.96667E-06 4.80000E-07-8.96667E-06
BRPC   2   1
 7.43369E-07-2.23917E-07 1.23598E-08 9.00465E-08 0.00000E+00 0.00000E+00 0.00000E+00 0.00000E+00
 1.70211E-06 5.58958E-09 3.13415E-07-5.54225E-07
 4.97750E-06 3.48333E-05 4.97750E-06 3.48333E-05 4.97750E-06 3.48333E-05 4.97750E-06 3.48333E-05
BRPC   3   1
 1.57997E-06-5.20150E-07 2.67542E-08 1.99477E-07 0.00000E+00 0.00000E+00 0.00000E+00 0.00000E+00
 3.65625E-06 1.17271E-08 6.80902E-07-1.23780E-06
 1.06733E-05 7.10767E-05 1.06733E-05 7.10767E-05 1.06733E-05 7.10767E-05 1.06733E-05 7.10767E-05
BRPC   4   1
 1.39415E-06-4.96108E-07 2.37598E-08 1.77305E-07 0.00000E+00 0.00000E+00 0.00000E+00 0.00000E+00
 3.21895E-06 1.10156E-08 5.99952E-07-1.13179E-06
 9.56083E-06 7.29325E-05 9.56083E-06 7.29325E-05 9.56083E-06 7.29325E-05 9.56083E-06 7.29325E-05
BRPC   5   1
-7.02461E-06 2.68896E-05-9.55878E-08 3.72765E-07 0.00000E+00 0.00000E+00 0.00000E+00 0.00000E+00
-1.60206E-05-2.55399E-07-2.46834E-06 3.08873E-05
-3.96217E-05-2.76253E-04-3.96217E-05-2.76253E-04-3.96217E-05-2.76253E-04-3.96217E-05-2.76253E-04
BRPC   6   1
 2.26396E-06-8.61983E-07 3.89972E-08 2.95263E-07 0.00000E+00 0.00000E+00 0.00000E+00 0.00000E+00
 5.27312E-06 1.73257E-08 9.90424E-07-1.90079E-06
 1.55500E-05 1.09793E-04 1.55500E-05 1.09793E-04 1.55500E-05 1.09793E-04 1.55500E-05 1.09793E-04
BRPC   7   1
 1.75476E-06-7.76850E-07 3.06188E-08 2.38108E-07 0.00000E+00 0.00000E+00 0.00000E+00 0.00000E+00
 4.14749E-06 1.22253E-08 7.87806E-07-1.57593E-06
 1.20600E-05 7.39300E-05 1.20600E-05 7.39300E-05 1.20600E-05 7.39300E-05 1.20600E-05 7.39300E-05
BRPC   8   1
 1.52196E-06-7.18433E-07 2.69276E-08 2.10265E-07 0.00000E+00 0.00000E+00 0.00000E+00 0.00000E+00
 3.58875E-06 1.12974E-08 6.83249E-07-1.42277E-06
 1.06517E-05 7.58633E-05 1.06517E-05 7.58633E-05 1.06517E-05 7.58633E-05 1.06517E-05 7.58633E-05
 
